Timestamp,Price,MarketCap,TotalVolume
1.7346529E+12,97851.35,1.9370223E+12,1.00611555E+11
1.7347392E+12,97691.44,1.9323733E+12,1.1234086E+11
1.7348256E+12,97202.83,1.9227682E+12,5.3058384E+10
1.734912E+12,95094.27,1.8845991E+12,4.461902E+10
1.7349984E+12,94644.914,1.874913E+12,6.493779E+10
1.7350847E+12,98695.71,1.9511738E+12,4.916909E+10
1.7351712E+12,99344.95,1.9664812E+12,3.396375E+10
1.7352576E+12,95678.31,1.8947442E+12,4.5049344E+10
1.735344E+12,94331.945,1.8677088E+12,4.1498542E+10
1.7354304E+12,95184.62,1.8855566E+12,2.2429852E+10
1.7355167E+12,93663.445,1.8548726E+12,2.4065315E+10
1.7356033E+12,92627.28,1.8331882E+12,5.7595163E+10
1.7356896E+12,93507.86,1.85184E+12,4.5327466E+10
1.735776E+12,94384.18,1.8691933E+12,2.3275008E+10
1.7358624E+12,96852.15,1.917905E+12,4.515734E+10
1.7359488E+12,98084.34,1.9428348E+12,3.5721646E+10
1.7360351E+12,98256.74,1.9466112E+12,2.0979036E+10
1.7361216E+12,98364.586,1.9483399E+12,2.0060293E+10
1.736208E+12,102229.4,2.0248252E+12,4.6111388E+10
1.7362944E+12,96952.1,1.9191332E+12,6.0610257E+10
1.7363808E+12,95016.71,1.8853133E+12,6.579047E+10
1.7364672E+12,92376.27,1.8329337E+12,6.585088E+10
1.7365537E+12,94736.625,1.8768367E+12,6.3433654E+10
1.73664E+12,94559.555,1.8742862E+12,1.7836423E+10
1.7367264E+12,94454.77,1.8703149E+12,1.9608932E+10
1.7368128E+12,94456.35,1.8706094E+12,7.632833E+10
1.7368992E+12,96574.08,1.9126033E+12,5.124173E+10
1.7369855E+12,100313.16,1.9868315E+12,5.763732E+10
1.737072E+12,100044.58,1.9809357E+12,5.01501E+10
1.7371584E+12,104160.695,2.0638546E+12,6.9135114E+10
1.7372448E+12,104334.62,2.0671512E+12,4.9416446E+10
1.7373312E+12,101275.336,2.0148428E+12,7.297031E+10
1.7374176E+12,101764.91,2.017837E+12,1.2015852E+11
1.737504E+12,106182.234,2.0988291E+12,9.534429E+10
1.7375904E+12,103673.53,2.0542887E+12,5.503067E+10
1.7376768E+12,104067.61,2.0623608E+12,1.0245523E+11
1.7377632E+12,104835.195,2.0761568E+12,5.1418788E+10
1.7378496E+12,104796.04,2.0776478E+12,2.2740744E+10
1.737936E+12,102552.25,2.036324E+12,2.0639818E+10
1.7380225E+12,101958.47,2.0192955E+12,9.319164E+10
1.7381088E+12,101313.11,2.0070722E+12,4.5780525E+10
1.7381952E+12,103718.98,2.0565815E+12,4.74254E+10
1.7382816E+12,104781.516,2.0767602E+12,4.212257E+10
1.738368E+12,102382.39,2.0285041E+12,3.7187817E+10
1.7384543E+12,100674.79,1.9964237E+12,2.2827776E+10
1.7385408E+12,97568.32,1.9336915E+12,5.9784233E+10
1.7386272E+12,101466.86,2.0111213E+12,1.2216397E+11
1.7387136E+12,98118.44,1.9435354E+12,7.319669E+10
1.7388E+12,96582.89,1.9125847E+12,4.8848957E+10
1.7388863E+12,96635.42,1.9150938E+12,4.4462182E+10
1.7389729E+12,96558.45,1.9112964E+12,5.7077723E+10
1.7390592E+12,96558.234,1.9142118E+12,2.076085E+10
1.7391456E+12,96548.58,1.9130687E+12,2.5457107E+10
1.739232E+12,97399.984,1.930743E+12,3.705499E+10
1.7393184E+12,95739.98,1.898789E+12,3.6454576E+10
1.7394047E+12,97836.19,1.9368424E+12,4.7115616E+10
1.7394912E+12,96561.664,1.9143151E+12,2.908437E+10
1.7395776E+12,97488.484,1.9316568E+12,3.2289907E+10
1.739664E+12,97569.95,1.9343084E+12,1.4215311E+10
1.7397504E+12,96149.35,1.9050122E+12,1.3634794E+10
1.7398368E+12,95776.16,1.8989977E+12,2.5324374E+10
1.7399233E+12,95495.89,1.8927021E+12,3.8311133E+10
1.7400096E+12,96554.875,1.9143379E+12,2.7703222E+10
1.740096E+12,98384.32,1.9503761E+12,2.4175262E+10
1.7401824E+12,96135.16,1.9060582E+12,4.2477474E+10
1.7402688E+12,96564.16,1.9152604E+12,1.8464416E+10
1.7403551E+12,96327.46,1.9096257E+12,1.6643044E+10
1.7404416E+12,91396.766,1.8141767E+12,4.5539705E+10
1.740528E+12,88755.766,1.7597504E+12,9.674246E+10
1.7406144E+12,83900.12,1.6643149E+12,6.927743E+10
1.7407008E+12,84709.15,1.6795553E+12,8.196069E+10
1.7407872E+12,84441.9,1.6747544E+12,8.069524E+10
1.7408737E+12,86005.26,1.705564E+12,3.0634476E+10
1.74096E+12,94261.53,1.8683217E+12,6.185911E+10
1.7410464E+12,86124.71,1.708199E+12,6.8715364E+10
1.7411328E+12,87310.805,1.7314417E+12,6.5863356E+10
1.7412192E+12,90604.08,1.7977069E+12,5.1606643E+10
1.7413055E+12,90001.4,1.7827859E+12,4.755576E+10
1.741392E+12,86773.336,1.7204369E+12,6.321644E+10
1.7414784E+12,86142.984,1.7086056E+12,1.880936E+10
1.7415648E+12,80751.14,1.6020738E+12,3.2013406E+10
1.7416512E+12,78783.94,1.5635471E+12,4.9983693E+10
1.7417376E+12,82799.11,1.6429975E+12,5.6404464E+10
1.741824E+12,83884.24,1.6625027E+12,4.1782186E+10
1.7419104E+12,81098.9,1.6084773E+12,3.2583592E+10
1.7419968E+12,83971.71,1.6657255E+12,2.8571484E+10
1.7420832E+12,84391.69,1.6741733E+12,1.0761797E+10
1.7421696E+12,82610.62,1.6386721E+12,2.1638031E+10
1.742256E+12,84075.37,1.6677992E+12,1.9659366E+10
1.7423425E+12,82780.03,1.6425783E+12,2.455757E+10
1.7424288E+12,86815.44,1.7215652E+12,3.3871217E+10
1.7425152E+12,84270.84,1.6725507E+12,2.7579128E+10
1.7426016E+12,84009.53,1.6667492E+12,1.8091006E+10
1.742688E+12,83793.305,1.6625744E+12,7.7711345E+09
1.7427743E+12,85787.71,1.7020096E+12,1.2617588E+10
1.7428608E+12,87327.73,1.7327153E+12,2.727089E+10
1.7429472E+12,87520.586,1.7353685E+12,3.0351833E+10
1.7430336E+12,86960.86,1.7248544E+12,2.5522878E+10
1.74312E+12,87227.27,1.72973E+12,2.4620446E+10
1.7432064E+12,84359.47,1.6731828E+12,3.1674487E+10
1.7432929E+12,82679.17,1.6406654E+12,1.683744E+10
1.7433792E+12,82356.38,1.6339962E+12,1.3428976E+10
1.7434656E+12,82514.09,1.6350765E+12,3.032615E+10
1.743552E+12,85237.586,1.690602E+12,2.91729E+10
1.7436384E+12,82526.42,1.6373588E+12,4.6332908E+10
1.7437247E+12,83163.984,1.6525372E+12,3.6594463E+10
1.7438112E+12,83852.01,1.6642348E+12,3.564729E+10
1.7438976E+12,83595.88,1.65602E+12,1.49104E+10
1.743984E+12,78211.484,1.5553253E+12,3.6140376E+10
1.7440704E+12,79179.29,1.5814075E+12,8.290975E+10
1.7441568E+12,76329.09,1.5150425E+12,4.781279E+10
1.7442433E+12,82622.17,1.6405679E+12,8.740822E+10
1.7443296E+12,79596.36,1.5800232E+12,4.121352E+10
1.744416E+12,83439.29,1.6558689E+12,3.9813566E+10
1.7445024E+12,85305.09,1.6936007E+12,2.242893E+10
1.7445888E+12,83600.82,1.6589233E+12,2.8731126E+10
1.7446751E+12,84523.45,1.6778435E+12,3.3155578E+10
1.7447617E+12,83656.49,1.6607491E+12,2.5084672E+10
1.744848E+12,84105.78,1.6704976E+12,2.6948108E+10
1.7449344E+12,84930.91,1.6862269E+12,1.9323822E+10
1.7450208E+12,84433.75,1.6763733E+12,9.550691E+09
1.7451072E+12,85126.664,1.6900906E+12,1.2635984E+10
1.7451937E+12,85073.164,1.6890086E+12,1.2625844E+10
1.74528E+12,87452.05,1.7357038E+12,4.0070025E+10
1.7453664E+12,93576.164,1.8585879E+12,5.3841994E+10
1.7454528E+12,93605.45,1.8586603E+12,3.9901516E+10
1.7455392E+12,93872.81,1.8642981E+12,3.0031247E+10
1.7456255E+12,94773.11,1.8821216E+12,3.9336186E+10
1.745712E+12,94644.06,1.879132E+12,1.5445392E+10
1.7457984E+12,93809.336,1.8627722E+12,1.592626E+10
1.7458848E+12,95030.61,1.8870674E+12,3.1913814E+10
1.7459712E+12,94256.36,1.8708184E+12,2.588263E+10
1.7460576E+12,94235.75,1.8713503E+12,2.6541701E+10
1.746144E+12,96426.945,1.9148843E+12,3.0207566E+10
1.7462304E+12,96855.57,1.9232518E+12,2.3276376E+10
1.7463168E+12,95922.87,1.904895E+12,1.3797555E+10
1.7464032E+12,94326.62,1.8728124E+12,1.4903123E+10
1.7464896E+12,94758.82,1.8825112E+12,2.4086456E+10
1.746576E+12,96854.53,1.9236439E+12,2.3348052E+10
1.7466625E+12,97026.49,1.9271346E+12,6.4376173E+10
1.7467488E+12,103076.27,2.0478837E+12,5.002005E+10
1.7468352E+12,102962.54,2.0450464E+12,4.0800895E+10
1.7469216E+12,104630.88,2.0771326E+12,2.1558993E+10
1.747008E+12,103994.06,2.06566E+12,2.7389436E+10
1.7470943E+12,102876.83,2.0443473E+12,4.3090604E+10
1.7471808E+12,104184.49,2.0693561E+12,3.3861433E+10
1.7472672E+12,103594.42,2.0577984E+12,2.8398246E+10
1.7473536E+12,103708.85,2.0601425E+12,3.182334E+10
1.74744E+12,103556.03,2.0577257E+12,2.5887953E+10
1.7475264E+12,103212.37,2.0503185E+12,1.8950056E+10
1.7476129E+12,106030.64,2.1048897E+12,3.074406E+10
1.7476992E+12,105629.414,2.0984854E+12,4.3339735E+10
1.7477856E+12,106786.72,2.1217786E+12,3.639369E+10
1.747872E+12,109665.87,2.178839E+12,6.0722885E+10
1.7479584E+12,111560.36,2.214712E+12,5.221841E+10
1.7480447E+12,107216.67,2.1315959E+12,4.9251746E+10
1.7481313E+12,107831.37,2.1425401E+12,2.712823E+10
1.7482176E+12,108861.81,2.1630728E+12,2.965266E+10
1.748304E+12,109377.72,2.1730599E+12,2.7950578E+10
1.7483904E+12,109068.45,2.167552E+12,3.8978785E+10
1.7484768E+12,107838.19,2.1433427E+12,2.9794277E+10
1.7485633E+12,105745.414,2.1013488E+12,3.8279234E+10
1.7486496E+12,104010.92,2.066831E+12,3.968006E+10
1.748736E+12,104687.51,2.0804678E+12,2.0432695E+10
1.7488224E+12,105710.01,2.101178E+12,1.77215E+10
1.7489088E+12,105884.74,2.1042294E+12,2.6313843E+10
1.7489951E+12,105434.48,2.095294E+12,2.592566E+10
1.7490817E+12,104812.92,2.0831488E+12,2.5812144E+10
1.749168E+12,101650.74,2.0202941E+12,3.971194E+10
1.7492544E+12,104409.75,2.0751756E+12,2.989739E+10
1.7493408E+12,105681.45,2.1005533E+12,1.7749731E+10
1.7494272E+12,105692.25,2.1006548E+12,1.604468E+10
1.7495135E+12,110261.58,2.1918775E+12,3.822299E+10
1.7496E+12,110212.734,2.18935E+12,3.630384E+10
1.7496864E+12,108679.98,2.1595294E+12,3.0338937E+10
1.7497728E+12,105979.23,2.107912E+12,3.5865158E+10
1.7498592E+12,106045.56,2.107973E+12,4.9471017E+10
1.7499455E+12,105482.91,2.0974865E+12,1.7916412E+10
1.750032E+12,105554.49,2.0984992E+12,1.6568442E+10
1.7501184E+12,106951.27,2.1278955E+12,3.2095957E+10
1.7502048E+12,104683.42,2.0809681E+12,3.860321E+10
1.7502912E+12,104722.695,2.0816778E+12,3.0339326E+10
1.7503776E+12,104690.65,2.0813553E+12,1.8063282E+10
1.750464E+12,103290.1,2.0541203E+12,3.0632751E+10
1.7505504E+12,101532.57,2.0174159E+12,2.1644464E+10
1.7506368E+12,100852.586,2.0051798E+12,5.1287142E+10
1.7507232E+12,105511.625,2.0977412E+12,5.0011795E+10
1.7508096E+12,105976.07,2.1071103E+12,3.1704642E+10
1.750896E+12,107238.53,2.1321411E+12,3.0468274E+10
1.7509825E+12,106984.016,2.1272921E+12,2.43207E+10
1.7510688E+12,107078.914,2.1290206E+12,2.5194306E+10
1.7511552E+12,107331.586,2.13424E+12,8.960878E+09
1.7512416E+12,108396.62,2.1551832E+12,1.4881078E+10
1.751328E+12,107132.8,2.1304716E+12,2.2489516E+10
1.7514143E+12,105613.4,2.1000876E+12,2.503316E+10
1.7515008E+12,108824.445,2.1638354E+12,3.6395184E+10
1.7515872E+12,109602.2,2.1796646E+12,2.9892049E+10
1.7516736E+12,108040.89,2.1486017E+12,2.4248908E+10
1.75176E+12,108217.47,2.152344E+12,1.0042942E+10
1.7518464E+12,109215.195,2.1714975E+12,1.463867E+10
1.7519329E+12,108300.72,2.1537776E+12,2.5493246E+10
1.7520192E+12,108953.195,2.1670494E+12,2.0488866E+10
1.7521056E+12,111327.53,2.215211E+12,3.7078462E+10
1.752192E+12,115879.65,2.3032923E+12,5.6204087E+10
1.7522784E+12,117571.02,2.3386123E+12,6.4185147E+10
1.7523647E+12,117418.96,2.335486E+12,2.4351257E+10
1.7524513E+12,119117.555,2.3690504E+12,2.7310852E+10
1.7525376E+12,119833.67,2.3838259E+12,6.891595E+10
1.752624E+12,117678.195,2.3412233E+12,8.029952E+10
1.7527104E+12,118748.164,2.3631946E+12,5.0374263E+10
1.7527968E+12,119445.37,2.3762373E+12,4.9282617E+10
1.7528833E+12,117988.945,2.3471653E+12,5.889645E+10
1.7529696E+12,117901.625,2.3453984E+12,2.3934511E+10
1.753056E+12,117256.92,2.3337574E+12,3.6702155E+10
1.7531424E+12,117482.47,2.3373656E+12,4.6344385E+10
1.7532288E+12,119955.8,2.3875169E+12,5.8939E+10
1.7533151E+12,118629.055,2.359932E+12,4.5225685E+10
1.7534017E+12,118354.44,2.3547646E+12,5.1940413E+10
1.753488E+12,117540.805,2.3388556E+12,9.161771E+10
1.7535744E+12,117959.54,2.3469595E+12,2.5145926E+10
1.7536608E+12,119418.914,2.376525E+12,3.0220403E+10
1.7537472E+12,118003.305,2.349473E+12,4.3433742E+10
1.7538335E+12,117853.31,2.3451266E+12,4.2860286E+10
1.75392E+12,117833.24,2.343718E+12,4.3054424E+10
1.7540064E+12,115700,2.3021992E+12,4.5238247E+10
1.7540928E+12,113234.6,2.2536098E+12,6.579468E+10
1.7541792E+12,112554.9,2.240414E+12,3.3543438E+10
1.7542656E+12,114199.11,2.272802E+12,2.4689273E+10
1.754352E+12,115138.69,2.2923953E+12,3.2488024E+10
1.7544384E+12,114128.35,2.2715831E+12,3.7316215E+10
1.7545248E+12,115022.09,2.2892952E+12,3.2052509E+10
1.7546112E+12,117463.48,2.3377328E+12,3.8289687E+10
1.7546976E+12,116688.37,2.3230265E+12,3.3017416E+10
1.754784E+12,116510.086,2.318816E+12,2.7638786E+10
1.7548704E+12,119266.92,2.3740972E+12,3.7157753E+10
1.7549568E+12,118773.8,2.3640605E+12,6.1739782E+10
1.7550432E+12,120202.53,2.3928544E+12,4.694109E+10
1.7551296E+12,123560.99,2.4588953E+12,6.181812E+10
1.755216E+12,118405.59,2.3600436E+12,7.382201E+10
1.7553025E+12,117339.79,2.3352904E+12,4.4268716E+10
1.7553888E+12,117501.22,2.3394659E+12,2.3202714E+10
1.7554752E+12,117542.836,2.3406484E+12,2.0906566E+10
1.7555616E+12,116256.414,2.313557E+12,4.7337927E+10
1.755648E+12,112778.34,2.2454199E+12,4.6156886E+10
1.7557343E+12,114252.4,2.2744712E+12,4.216637E+10
1.7558209E+12,112414.4,2.2381215E+12,3.2048202E+10
1.7559072E+12,116834.25,2.326175E+12,5.087816E+10
1.7559936E+12,115359.984,2.2967862E+12,2.730672E+10
1.75608E+12,113399.55,2.2596632E+12,4.0682656E+10
1.7561664E+12,110185.35,2.1944537E+12,5.2854874E+10
1.7562529E+12,111842.71,2.2270257E+12,4.30238E+10
1.7563392E+12,111216.086,2.2152552E+12,3.6957905E+10
1.7564256E+12,112525.59,2.239423E+12,3.4222496E+10
1.756512E+12,108480.305,2.1602786E+12,5.1702116E+10
1.7565984E+12,108781.96,2.1661657E+12,2.7799982E+10
1.7566847E+12,108253.36,2.1556949E+12,2.6140903E+10
1.7567713E+12,109162.69,2.1741006E+12,4.299961E+10
1.7568576E+12,111190.18,2.2125952E+12,5.0235466E+10
1.756944E+12,111711.52,2.2253658E+12,3.640608E+10
1.7570304E+12,110724.734,2.204052E+12,3.8708367E+10
1.7571168E+12,110662.18,2.2040457E+12,5.602047E+10
1.7572031E+12,110209.19,2.1952886E+12,1.934076E+10
1.7572896E+12,111131.99,2.2137644E+12,2.214705E+10
1.757376E+12,112025.125,2.2317635E+12,3.7159846E+10
1.7574624E+12,111547.44,2.2220267E+12,4.533802E+10
1.7575488E+12,113975.33,2.2702412E+12,5.2205187E+10
1.7576351E+12,115503.164,2.2997644E+12,4.375292E+10
1.7577217E+12,116160.14,2.3143475E+12,5.119295E+10
1.757808E+12,115970.586,2.310166E+12,3.006386E+10
1.7578944E+12,115373.555,2.297459E+12,2.68894E+10
1.7579808E+12,115397.25,2.2979776E+12,4.694758E+10
1.7580672E+12,116762.85,2.3253269E+12,3.996445E+10
1.7581535E+12,116455.945,2.3215837E+12,5.474095E+10
1.75824E+12,117145.49,2.3337052E+12,4.3642466E+10
1.7583264E+12,115655.81,2.303469E+12,3.4296721E+10
1.7584128E+12,115715.516,2.305372E+12,1.8774954E+10
1.7584992E+12,115304.48,2.297332E+12,1.8659113E+10
1.7585856E+12,112696.74,2.245929E+12,6.915234E+10
1.758672E+12,112022.164,2.2326936E+12,4.615488E+10
1.7587584E+12,113320.57,2.2577412E+12,4.6677545E+10
1.7588448E+12,108963.53,2.1719503E+12,7.4481795E+10
1.7589312E+12,109710.21,2.1858668E+12,5.5257215E+10
1.7590176E+12,109654.81,2.1852033E+12,2.3294896E+10
1.759104E+12,112142.57,2.235799E+12,3.1274654E+10
1.7591905E+12,114309.15,2.2783624E+12,5.7833296E+10
1.7592768E+12,114024.23,2.2721376E+12,5.7718903E+10
1.7593632E+12,118503.24,2.3595697E+12,6.992018E+10
1.7594496E+12,120611.72,2.399524E+12,7.125285E+10
1.759536E+12,122250.15,2.436957E+12,8.315543E+10
1.7596225E+12,122380.94,2.438832E+12,3.5161625E+10
1.7597088E+12,123506.19,2.4612218E+12,7.201149E+10
1.7597952E+12,124773.51,2.486073E+12,6.960599E+10
1.7598816E+12,121518.76,2.4219385E+12,7.6087886E+10
1.759968E+12,123352.51,2.4590035E+12,6.2576034E+10
1.7600543E+12,121698.03,2.4232888E+12,7.209731E+10
1.7601409E+12,113201.74,2.2656597E+12,1.5100222E+11
1.7602272E+12,110853.12,2.211404E+12,1.0864387E+11
1.7603136E+12,115189.57,2.2947244E+12,9.38571E+10
1.7604E+12,115222.28,2.2968635E+12,6.893527E+10
1.7604864E+12,113156.57,2.2575453E+12,9.121186E+10
1.7605489E+12,110492.6,2.2018258E+12,7.356866E+10
